(n_proj,size_proj) = (12,8)
accuracy per-class reports

=== TEST SET ===

seed____|____________________________ classes, 0-9 __________________________|

123      [[0.71, 0.72, 0.60, 0.45, 0.59, 0.58, 0.61, 0.67, 0.69, 0.67],
45        [0.60, 0.59, 0.45, 0.36, 0.47, 0.45, 0.50, 0.54, 0.65, 0.54],
180       [0.62, 0.61, 0.45, 0.35, 0.45, 0.45, 0.53, 0.57, 0.60, 0.57],
172       [0.59, 0.62, 0.47, 0.35, 0.46, 0.45, 0.56, 0.54, 0.65, 0.55],
61        [0.61, 0.65, 0.49, 0.36, 0.49, 0.46, 0.51, 0.56, 0.64, 0.50],
63        [0.60, 0.60, 0.47, 0.35, 0.48, 0.43, 0.57, 0.55, 0.60, 0.56],
70        [0.61, 0.60, 0.48, 0.37, 0.44, 0.44, 0.50, 0.55, 0.62, 0.57],
83        [0.62, 0.61, 0.45, 0.36, 0.47, 0.43, 0.54, 0.53, 0.65, 0.56],
115       [0.62, 0.60, 0.48, 0.35, 0.43, 0.41, 0.55, 0.55, 0.60, 0.54],
67        [0.62, 0.60, 0.45, 0.33, 0.47, 0.43, 0.52, 0.60, 0.60, 0.55],
56        [0.62, 0.62, 0.46, 0.36, 0.44, 0.43, 0.53, 0.61, 0.60, 0.55],
133       [0.62, 0.62, 0.46, 0.36, 0.44, 0.43, 0.53, 0.61, 0.64, 0.56]]

=== DEEPFOOL ADVERSARIES ===

seed____|____________________________ classes, 0-9 __________________________|

123      [[0.70, 0.69, 0.57, 0.43, 0.56, 0.56, 0.59, 0.66, 0.68, 0.65],
45        [0.60, 0.58, 0.45, 0.35, 0.47, 0.44, 0.49, 0.54, 0.65, 0.53],
180       [0.63, 0.61, 0.45, 0.34, 0.44, 0.45, 0.53, 0.57, 0.60, 0.58],
172       [0.59, 0.62, 0.47, 0.35, 0.46, 0.45, 0.55, 0.54, 0.65, 0.55],
61        [0.61, 0.66, 0.48, 0.35, 0.48, 0.46, 0.50, 0.55, 0.64, 0.50],
63        [0.60, 0.59, 0.47, 0.35, 0.47, 0.43, 0.57, 0.55, 0.60, 0.55],
70        [0.61, 0.60, 0.47, 0.37, 0.43, 0.43, 0.50, 0.55, 0.61, 0.57],
83        [0.62, 0.61, 0.45, 0.36, 0.46, 0.43, 0.54, 0.53, 0.65, 0.56],
115       [0.62, 0.60, 0.48, 0.35, 0.43, 0.41, 0.55, 0.55, 0.60, 0.54],
67        [0.62, 0.60, 0.44, 0.32, 0.47, 0.42, 0.52, 0.60, 0.60, 0.55],
56        [0.62, 0.61, 0.46, 0.35, 0.44, 0.43, 0.53, 0.60, 0.63, 0.56],
133       [0.62, 0.62, 0.45, 0.34, 0.48, 0.44, 0.51, 0.57, 0.63, 0.58]]

=== CARLINI ADVERSARIES ===

seed____|____________________________ classes, 0-9 __________________________|


123     [[0.60, 0.58, 0.45, 0.36, 0.46, 0.44, 0.49, 0.54, 0.65, 0.5],
45       [0.62, 0.60, 0.45, 0.34, 0.44, 0.45, 0.52, 0.57, 0.60, 0.5],
180      [0.59, 0.62, 0.47, 0.35, 0.46, 0.45, 0.55, 0.54, 0.64, 0.5],
172      [0.60, 0.65, 0.47, 0.35, 0.47, 0.46, 0.50, 0.56, 0.64, 0.5],
61       [0.60, 0.59, 0.47, 0.34, 0.47, 0.43, 0.56, 0.54, 0.60, 0.5],
63       [0.61, 0.60, 0.47, 0.36, 0.43, 0.43, 0.49, 0.55, 0.62, 0.5],
70       [0.62, 0.61, 0.45, 0.36, 0.46, 0.43, 0.54, 0.52, 0.65, 0.5],
83       [0.61, 0.59, 0.48, 0.35, 0.42, 0.40, 0.54, 0.55, 0.60, 0.5],
115      [0.61, 0.60, 0.44, 0.32, 0.47, 0.42, 0.51, 0.60, 0.60, 0.5],
67       [0.62, 0.62, 0.46, 0.35, 0.44, 0.43, 0.52, 0.60, 0.63, 0.5],
56       [0.62, 0.61, 0.44, 0.34, 0.48, 0.45, 0.51, 0.57, 0.63, 0.5],
133      [0.59, 0.63, 0.44, 0.35, 0.45, 0.43, 0.51, 0.61, 0.61, 0.5]]



# cat cifar_randens_channels_reports.txt | grep "n_proj =  12" -A 1000 |grep -e "projection  123" -A 30 | grep prec -A 12 | awk '{printf $2 ", "}'
