(n_proj,size_proj) = (12,20)
accuracy per-class reports

=== TEST SET === 

seed____|____________________________ classes, 0-9 __________________________|

123   [[0.98,  0.99,  0.98,  0.97,  0.97,  0.97,  0.97,  0.98,  0.96,  0.97],
45     [0.98,  0.99,  0.97,  0.97,  0.98,  0.98,  0.99,  0.98,  0.96,  0.98],
180    [0.98,  0.99,  0.97,  0.96,  0.97,  0.98,  0.98,  0.98,  0.97,  0.97],
172    [0.98,  0.99,  0.97,  0.96,  0.97,  0.98,  0.97,  0.97,  0.98,  0.98],
61     [0.98,  0.99,  0.98,  0.98,  0.96,  0.98,  0.98,  0.98,  0.96,  0.97],
63     [0.97,  0.99,  0.97,  0.97,  0.98,  0.98,  0.98,  0.98,  0.97,  0.96],
70     [0.98,  0.99,  0.97,  0.99,  0.98,  0.98,  0.98,  0.97,  0.97,  0.98],
83     [0.98,  0.99,  0.97,  0.98,  0.97,  0.98,  0.99,  0.97,  0.96,  0.97],
115    [0.99,  0.99,  0.97,  0.97,  0.97,  0.98,  0.98,  0.98,  0.97,  0.98],
67     [0.98,  0.99,  0.96,  0.98,  0.97,  0.98,  0.98,  0.98,  0.95,  0.98],
56     [0.98,  0.99,  0.97,  0.98,  0.98,  0.98,  0.99,  0.97,  0.97,  0.97],
133    [0.97,  0.99,  0.97,  0.97,  0.98,  0.98,  0.98,  0.97,  0.96,  0.97]]

=== FGSM ADVERSARIES ===

seed____|____________________________ classes, 0-9 __________________________|

123  [[0.62,  0.00,  0.48,  0.26,  0.17,  0.29,  0.48,  0.48,  0.12,  0.09],
45    [0.68,  0.00,  0.38,  0.31,  0.22,  0.27,  0.58,  0.42,  0.12,  0.20],
180   [0.59,  0.00,  0.54,  0.25,  0.24,  0.25,  0.57,  0.48,  0.14,  0.13],
172   [0.49,  0.00,  0.37,  0.21,  0.19,  0.24,  0.55,  0.35,  0.15,  0.14],
61    [0.66,  0.00,  0.55,  0.32,  0.24,  0.32,  0.42,  0.57,  0.13,  0.04],
63    [0.57,  0.00,  0.44,  0.28,  0.14,  0.25,  0.58,  0.46,  0.11,  0.24],
70    [0.51,  0.00,  0.47,  0.38,  0.13,  0.36,  0.45,  0.48,  0.13,  0.12],
83    [0.50,  0.00,  0.41,  0.25,  0.11,  0.18,  0.53,  0.55,  0.14,  0.13],
115   [0.57,  0.17,  0.43,  0.21,  0.26,  0.30,  0.48,  0.43,  0.13,  0.08],
67    [0.58,  0.00,  0.45,  0.37,  0.19,  0.37,  0.49,  0.34,  0.14,  0.08],
56    [0.61,  0.03,  0.47,  0.26,  0.11,  0.25,  0.55,  0.16,  0.16,  0.13],
133   [0.51,  0.00,  0.45,  0.25,  0.29,  0.36,  0.39,  0.30,  0.15,  0.22]]

=== PGD ADVERSARIES ===

seed____|____________________________ classes, 0-9 __________________________|

123   [[0.85,  0.80,  0.51,  0.57,  0.49,  0.57,  0.81,  0.75,  0.29,  0.36],
45     [0.89,  0.81,  0.52,  0.53,  0.48,  0.63,  0.86,  0.85,  0.26,  0.32],
180    [0.84,  0.93,  0.61,  0.58,  0.50,  0.57,  0.81,  0.78,  0.34,  0.34],
172    [0.88,  0.82,  0.46,  0.43,  0.49,  0.59,  0.85,  0.69,  0.35,  0.43],
61     [0.87,  0.89,  0.62,  0.45,  0.46,  0.55,  0.84,  0.78,  0.30,  0.37],
63     [0.88,  0.88,  0.57,  0.47,  0.46,  0.49,  0.86,  0.71,  0.33,  0.38],
70     [0.84,  0.92,  0.51,  0.64,  0.52,  0.61,  0.83,  0.85,  0.34,  0.39],
83     [0.87,  0.83,  0.50,  0.47,  0.52,  0.60,  0.80,  0.79,  0.34,  0.38],
115    [0.89,  0.76,  0.62,  0.51,  0.48,  0.61,  0.84,  0.84,  0.27,  0.47],
67     [0.82,  0.81,  0.48,  0.61,  0.50,  0.66,  0.89,  0.86,  0.29,  0.49],
56     [0.86,  0.82,  0.62,  0.54,  0.50,  0.59,  0.85,  0.74,  0.26,  0.40],
133    [0.89,  0.85,  0.53,  0.42,  0.58,  0.62,  0.79,  0.75,  0.44,  0.44]]

=== DEEPFOOL ADVERSARIES ===

seed____|____________________________ classes, 0-9 __________________________|

123    [[0.96,  0.99,  0.97,  0.93,  0.94,  0.94,  0.95,  0.96,  0.91,  0.93],
45      [0.97,  0.99,  0.95,  0.92,  0.91,  0.96,  0.96,  0.97,  0.88,  0.92],
180     [0.97,  0.99,  0.95,  0.93,  0.94,  0.95,  0.96,  0.96,  0.92,  0.91],
172     [0.96,  0.99,  0.96,  0.90,  0.92,  0.95,  0.94,  0.93,  0.95,  0.94],
61      [0.97,  0.99,  0.95,  0.93,  0.91,  0.97,  0.97,  0.97,  0.90,  0.91],
63      [0.97,  0.99,  0.95,  0.92,  0.94,  0.95,  0.97,  0.96,  0.93,  0.88],
70      [0.84,  0.92,  0.51,  0.64,  0.52,  0.61,  0.83,  0.85,  0.34,  0.39],
83      [0.97,  0.99,  0.94,  0.94,  0.93,  0.97,  0.96,  0.96,  0.90,  0.93],
115     [0.97,  0.99,  0.96,  0.93,  0.92,  0.96,  0.97,  0.97,  0.90,  0.95],
67      [0.97,  0.98,  0.94,  0.96,  0.93,  0.95,  0.96,  0.97,  0.89,  0.92],
56      [0.96,  0.98,  0.95,  0.95,  0.95,  0.95,  0.97,  0.95,  0.92,  0.92],
133     [0.96,  0.98,  0.96,  0.92,  0.95,  0.95,  0.96,  0.96,  0.91,  0.92]]

=== CARLINI ADVERSARIES ===

seed____|____________________________ classes, 0-9 __________________________|

123    [[0.96,  0.97,  0.96,  0.92,  0.87,  0.89,  0.94,  0.93,  0.92,  0.92],
45      [0.97,  0.98,  0.93,  0.92,  0.84,  0.94,  0.97,  0.94,  0.89,  0.92],
180     [0.97,  0.99,  0.95,  0.92,  0.94,  0.95,  0.98,  0.96,  0.92,  0.91],
172     [0.96,  0.97,  0.94,  0.89,  0.87,  0.93,  0.94,  0.89,  0.95,  0.93],
61      [0.97,  0.97,  0.93,  0.93,  0.84,  0.95,  0.96,  0.94,  0.91,  0.90],
63      [0.96,  0.98,  0.93,  0.90,  0.89,  0.94,  0.96,  0.95,  0.93,  0.87],
70      [0.96,  0.97,  0.93,  0.94,  0.87,  0.93,  0.95,  0.91,  0.93,  0.92],
83      [0.97,  0.98,  0.92,  0.94,  0.88,  0.95,  0.95,  0.94,  0.91,  0.91],
115     [0.97,  0.98,  0.94,  0.91,  0.87,  0.92,  0.96,  0.93,  0.92,  0.93],
67      [0.97,  0.97,  0.92,  0.95,  0.86,  0.93,  0.96,  0.95,  0.91,  0.92],
56      [0.96,  0.97,  0.93,  0.94,  0.89,  0.91,  0.96,  0.92,  0.94,  0.91],
133     [0.95,  0.97,  0.93,  0.91,  0.90,  0.92,  0.95,  0.93,  0.91,  0.92]]



# cat mnist_randens_one_channel_reports.txt | grep "( n_proj = 12 , size_proj =  20 ) " -A 2000 |grep -e "projection  115" -A 30 | grep prec -A 12 | awk '{printf $2 "  "}'
